  -2.0000000  -2.0000000   0.5862353
  -2.0000000  -1.8666667   0.3664640
  -2.0000000  -1.7333333   0.1236896
  -2.0000000  -1.5999999  -0.1268493
  -2.0000000  -1.4666667  -0.3694252
  -2.0000000  -1.3333333  -0.5888125
  -2.0000000  -1.1999999  -0.7712396
  -2.0000000  -1.0666666  -0.9052559
  -2.0000000  -0.9333333  -0.9824489
  -2.0000000  -0.8000000  -0.9979734
  -2.0000000  -0.6666666  -0.9508547
  -2.0000000  -0.5333333  -0.8440505
  -2.0000000  -0.3999999  -0.6842648
  -2.0000000  -0.2666665  -0.4815277
  -2.0000000  -0.1333332  -0.2485650
  -2.0000000   0.0000000   0.0000000
  -2.0000000   0.1333334   0.2485654
  -2.0000000   0.2666669   0.4815283
  -2.0000000   0.4000001   0.6842651
  -2.0000000   0.5333335   0.8440507
  -2.0000000   0.6666667   0.9508547
  -2.0000000   0.8000002   0.9979734
  -2.0000000   0.9333334   0.9824489
  -2.0000000   1.0666668   0.9052557
  -2.0000000   1.2000003   0.7712392
  -2.0000000   1.3333335   0.5888121
  -2.0000000   1.4666669   0.3694247
  -2.0000000   1.6000001   0.1268489
  -2.0000000   1.7333336  -0.1236898
  -2.0000000   1.8666668  -0.3664642
  -2.0000000   2.0000000  -0.5862353
  -1.8666667  -2.0000000   0.5348440
  -1.8666667  -1.8666667   0.3343386
  -1.8666667  -1.7333333   0.1128466
  -1.8666667  -1.5999999  -0.1157293
  -1.8666667  -1.4666667  -0.3370402
  -1.8666667  -1.3333333  -0.5371954
  -1.8666667  -1.1999999  -0.7036304
  -1.8666667  -1.0666666  -0.8258983
  -1.8666667  -0.9333333  -0.8963244
  -1.8666667  -0.8000000  -0.9104879
  -1.8666667  -0.6666666  -0.8674998
  -1.8666667  -0.5333333  -0.7700584
  -1.8666667  -0.3999999  -0.6242800
  -1.8666667  -0.2666665  -0.4393155
  -1.8666667  -0.1333332  -0.2267750
  -1.8666667   0.0000000   0.0000000
  -1.8666667   0.1333334   0.2267754
  -1.8666667   0.2666669   0.4393160
  -1.8666667   0.4000001   0.6242803
  -1.8666667   0.5333335   0.7700586
  -1.8666667   0.6666667   0.8674998
  -1.8666667   0.8000002   0.9104879
  -1.8666667   0.9333334   0.8963244
  -1.8666667   1.0666668   0.8258982
  -1.8666667   1.2000003   0.7036300
  -1.8666667   1.3333335   0.5371950
  -1.8666667   1.4666669   0.3370398
  -1.8666667   1.6000001   0.1157289
  -1.8666667   1.7333336  -0.1128468
  -1.8666667   1.8666668  -0.3343388
  -1.8666667   2.0000000  -0.5348440
  -1.7333333  -2.0000000   0.3910659
  -1.7333333  -1.8666667   0.2444609
  -1.7333333  -1.7333333   8.2510859E-02
  -1.7333333  -1.5999999  -8.4618673E-02
  -1.7333333  -1.4666667  -0.2464362
  -1.7333333  -1.3333333  -0.3927851
  -1.7333333  -1.1999999  -0.5144787
  -1.7333333  -1.0666666  -0.6038783
  -1.7333333  -0.9333333  -0.6553722
  -1.7333333  -0.8000000  -0.6657282
  -1.7333333  -0.6666666  -0.6342963
  -1.7333333  -0.5333333  -0.5630493
  -1.7333333  -0.3999999  -0.4564595
  -1.7333333  -0.2666665  -0.3212176
  -1.7333333  -0.1333332  -0.1658128
  -1.7333333   0.0000000   0.0000000
  -1.7333333   0.1333334   0.1658131
  -1.7333333   0.2666669   0.3212180
  -1.7333333   0.4000001   0.4564597
  -1.7333333   0.5333335   0.5630495
  -1.7333333   0.6666667   0.6342963
  -1.7333333   0.8000002   0.6657282
  -1.7333333   0.9333334   0.6553722
  -1.7333333   1.0666668   0.6038781
  -1.7333333   1.2000003   0.5144784
  -1.7333333   1.3333335   0.3927849
  -1.7333333   1.4666669   0.2464359
  -1.7333333   1.6000001   8.4618352E-02
  -1.7333333   1.7333336  -8.2511023E-02
  -1.7333333   1.8666668  -0.2444610
  -1.7333333   2.0000000  -0.3910659
  -1.5999999  -2.0000000   0.1797361
  -1.5999999  -1.8666667   0.1123556
  -1.5999999  -1.7333333   3.7922446E-02
  -1.5999999  -1.5999999  -3.8891211E-02
  -1.5999999  -1.4666667  -0.1132634
  -1.5999999  -1.3333333  -0.1805262
  -1.5999999  -1.1999999  -0.2364572
  -1.5999999  -1.0666666  -0.2775458
  -1.5999999  -0.9333333  -0.3012127
  -1.5999999  -0.8000000  -0.3059724
  -1.5999999  -0.6666666  -0.2915261
  -1.5999999  -0.5333333  -0.2587806
  -1.5999999  -0.3999999  -0.2097913
  -1.5999999  -0.2666665  -0.1476334
  -1.5999999  -0.1333332  -7.6208472E-02
  -1.5999999   0.0000000   0.0000000
  -1.5999999   0.1333334   7.6208606E-02
  -1.5999999   0.2666669   0.1476336
  -1.5999999   0.4000001   0.2097914
  -1.5999999   0.5333335   0.2587807
  -1.5999999   0.6666667   0.2915261
  -1.5999999   0.8000002   0.3059724
  -1.5999999   0.9333334   0.3012127
  -1.5999999   1.0666668   0.2775457
  -1.5999999   1.2000003   0.2364571
  -1.5999999   1.3333335   0.1805261
  -1.5999999   1.4666669   0.1132633
  -1.5999999   1.6000001   3.8891062E-02
  -1.5999999   1.7333336  -3.7922520E-02
  -1.5999999   1.8666668  -0.1123556
  -1.5999999   2.0000000  -0.1797361
  -1.4666667  -2.0000000  -6.2640026E-02
  -1.4666667  -1.8666667  -3.9157167E-02
  -1.4666667  -1.7333333  -1.3216398E-02
  -1.4666667  -1.5999999   1.3554022E-02
  -1.4666667  -1.4666667   3.9473578E-02
  -1.4666667  -1.3333333   6.2915407E-02
  -1.4666667  -1.1999999   8.2407996E-02
  -1.4666667  -1.0666666   9.6727811E-02
  -1.4666667  -0.9333333   0.1049760
  -1.4666667  -0.8000000   0.1066348
  -1.4666667  -0.6666666   0.1016001
  -1.4666667  -0.5333333   9.0187930E-02
  -1.4666667  -0.3999999   7.3114619E-02
  -1.4666667  -0.2666665   5.1451888E-02
  -1.4666667  -0.1333332   2.6559506E-02
  -1.4666667   0.0000000  -0.0000000
  -1.4666667   0.1333334  -2.6559552E-02
  -1.4666667   0.2666669  -5.1451948E-02
  -1.4666667   0.4000001  -7.3114648E-02
  -1.4666667   0.5333335  -9.0187952E-02
  -1.4666667   0.6666667  -0.1016001
  -1.4666667   0.8000002  -0.1066348
  -1.4666667   0.9333334  -0.1049760
  -1.4666667   1.0666668  -9.6727796E-02
  -1.4666667   1.2000003  -8.2407951E-02
  -1.4666667   1.3333335  -6.2915362E-02
  -1.4666667   1.4666669  -3.9473530E-02
  -1.4666667   1.6000001  -1.3553971E-02
  -1.4666667   1.7333336   1.3216423E-02
  -1.4666667   1.8666668   3.9157189E-02
  -1.4666667   2.0000000   6.2640026E-02
  -1.3333333  -2.0000000  -0.2941967
  -1.3333333  -1.8666667  -0.1839065
  -1.3333333  -1.7333333  -6.2072456E-02
  -1.3333333  -1.5999999   6.3658148E-02
  -1.3333333  -1.4666667   0.1853926
  -1.3333333  -1.3333333   0.2954901
  -1.3333333  -1.1999999   0.3870394
  -1.3333333  -1.0666666   0.4542942
  -1.3333333  -0.9333333   0.4930328
  -1.3333333  -0.8000000   0.5008236
  -1.3333333  -0.6666666   0.4771775
  -1.3333333  -0.5333333   0.4235788
  -1.3333333  -0.3999999   0.3433919
  -1.3333333  -0.2666665   0.2416502
  -1.3333333  -0.1333332   0.1247400
  -1.3333333   0.0000000  -0.0000000
  -1.3333333   0.1333334  -0.1247402
  -1.3333333   0.2666669  -0.2416505
  -1.3333333   0.4000001  -0.3433920
  -1.3333333   0.5333335  -0.4235789
  -1.3333333   0.6666667  -0.4771775
  -1.3333333   0.8000002  -0.5008236
  -1.3333333   0.9333334  -0.4930328
  -1.3333333   1.0666668  -0.4542941
  -1.3333333   1.2000003  -0.3870392
  -1.3333333   1.3333335  -0.2954898
  -1.3333333   1.4666669  -0.1853923
  -1.3333333   1.6000001  -6.3657910E-02
  -1.3333333   1.7333336   6.2072575E-02
  -1.3333333   1.8666668   0.1839066
  -1.3333333   2.0000000   0.2941967
  -1.1999999  -2.0000000  -0.4749345
  -1.1999999  -1.8666667  -0.2968882
  -1.1999999  -1.7333333  -0.1002062
  -1.1999999  -1.5999999   0.1027661
  -1.1999999  -1.4666667   0.2992872
  -1.1999999  -1.3333333   0.4770224
  -1.1999999  -1.1999999   0.6248145
  -1.1999999  -1.0666666   0.7333868
  -1.1999999  -0.9333333   0.7959242
  -1.1999999  -0.8000000   0.8085012
  -1.1999999  -0.6666666   0.7703283
  -1.1999999  -0.5333333   0.6838017
  -1.1999999  -0.3999999   0.5543524
  -1.1999999  -0.2666665   0.3901064
  -1.1999999  -0.1333332   0.2013732
  -1.1999999   0.0000000  -0.0000000
  -1.1999999   0.1333334  -0.2013736
  -1.1999999   0.2666669  -0.3901068
  -1.1999999   0.4000001  -0.5543526
  -1.1999999   0.5333335  -0.6838018
  -1.1999999   0.6666667  -0.7703283
  -1.1999999   0.8000002  -0.8085012
  -1.1999999   0.9333334  -0.7959242
  -1.1999999   1.0666668  -0.7333866
  -1.1999999   1.2000003  -0.6248141
  -1.1999999   1.3333335  -0.4770220
  -1.1999999   1.4666669  -0.2992869
  -1.1999999   1.6000001  -0.1027657
  -1.1999999   1.7333336   0.1002064
  -1.1999999   1.8666668   0.2968884
  -1.1999999   2.0000000   0.4749345
  -1.0666666  -2.0000000  -0.5736338
  -1.0666666  -1.8666667  -0.3585866
  -1.0666666  -1.7333333  -0.1210308
  -1.0666666  -1.5999999   0.1241226
  -1.0666666  -1.4666667   0.3614842
  -1.0666666  -1.3333333   0.5761556
  -1.0666666  -1.1999999   0.7546614
  -1.0666666  -1.0666666   0.8857968
  -1.0666666  -0.9333333   0.9613306
  -1.0666666  -0.8000000   0.9765213
  -1.0666666  -0.6666666   0.9304155
  -1.0666666  -0.5333333   0.8259071
  -1.0666666  -0.3999999   0.6695561
  -1.0666666  -0.2666665   0.4711770
  -1.0666666  -0.1333332   0.2432220
  -1.0666666   0.0000000  -0.0000000
  -1.0666666   0.1333334  -0.2432224
  -1.0666666   0.2666669  -0.4711775
  -1.0666666   0.4000001  -0.6695564
  -1.0666666   0.5333335  -0.8259073
  -1.0666666   0.6666667  -0.9304155
  -1.0666666   0.8000002  -0.9765213
  -1.0666666   0.9333334  -0.9613306
  -1.0666666   1.0666668  -0.8857967
  -1.0666666   1.2000003  -0.7546610
  -1.0666666   1.3333335  -0.5761552
  -1.0666666   1.4666669  -0.3614837
  -1.0666666   1.6000001  -0.1241222
  -1.0666666   1.7333336   0.1210310
  -1.0666666   1.8666668   0.3585868
  -1.0666666   2.0000000   0.5736338
  -0.9333333  -2.0000000  -0.5732457
  -0.9333333  -1.8666667  -0.3583440
  -0.9333333  -1.7333333  -0.1209489
  -0.9333333  -1.5999999   0.1240387
  -0.9333333  -1.4666667   0.3612396
  -0.9333333  -1.3333333   0.5757658
  -0.9333333  -1.1999999   0.7541509
  -0.9333333  -1.0666666   0.8851976
  -0.9333333  -0.9333333   0.9606802
  -0.9333333  -0.8000000   0.9758607
  -0.9333333  -0.6666666   0.9297860
  -0.9333333  -0.5333333   0.8253483
  -0.9333333  -0.3999999   0.6691031
  -0.9333333  -0.2666665   0.4708582
  -0.9333333  -0.1333332   0.2430574
  -0.9333333   0.0000000  -0.0000000
  -0.9333333   0.1333334  -0.2430578
  -0.9333333   0.2666669  -0.4708588
  -0.9333333   0.4000001  -0.6691034
  -0.9333333   0.5333335  -0.8253486
  -0.9333333   0.6666667  -0.9297861
  -0.9333333   0.8000002  -0.9758607
  -0.9333333   0.9333334  -0.9606802
  -0.9333333   1.0666668  -0.8851975
  -0.9333333   1.2000003  -0.7541505
  -0.9333333   1.3333335  -0.5757654
  -0.9333333   1.4666669  -0.3612392
  -0.9333333   1.6000001  -0.1240382
  -0.9333333   1.7333336   0.1209491
  -0.9333333   1.8666668   0.3583442
  -0.9333333   2.0000000   0.5732457
  -0.8000000  -2.0000000  -0.4738373
  -0.8000000  -1.8666667  -0.2962024
  -0.8000000  -1.7333333  -9.9974751E-02
  -0.8000000  -1.5999999   0.1025287
  -0.8000000  -1.4666667   0.2985958
  -0.8000000  -1.3333333   0.4759203
  -0.8000000  -1.1999999   0.6233710
  -0.8000000  -1.0666666   0.7316925
  -0.8000000  -0.9333333   0.7940854
  -0.8000000  -0.8000000   0.8066334
  -0.8000000  -0.6666666   0.7685487
  -0.8000000  -0.5333333   0.6822219
  -0.8000000  -0.3999999   0.5530717
  -0.8000000  -0.2666665   0.3892051
  -0.8000000  -0.1333332   0.2009080
  -0.8000000   0.0000000  -0.0000000
  -0.8000000   0.1333334  -0.2009083
  -0.8000000   0.2666669  -0.3892056
  -0.8000000   0.4000001  -0.5530720
  -0.8000000   0.5333335  -0.6822221
  -0.8000000   0.6666667  -0.7685487
  -0.8000000   0.8000002  -0.8066334
  -0.8000000   0.9333334  -0.7940854
  -0.8000000   1.0666668  -0.7316924
  -0.8000000   1.2000003  -0.6233706
  -0.8000000   1.3333335  -0.4759200
  -0.8000000   1.4666669  -0.2985955
  -0.8000000   1.6000001  -0.1025283
  -0.8000000   1.7333336   9.9974945E-02
  -0.8000000   1.8666668   0.2962025
  -0.8000000   2.0000000   0.4738373
  -0.6666666  -2.0000000  -0.2925799
  -0.6666666  -1.8666667  -0.1828958
  -0.6666666  -1.7333333  -6.1731320E-02
  -0.6666666  -1.5999999   6.3308306E-02
  -0.6666666  -1.4666667   0.1843737
  -0.6666666  -1.3333333   0.2938661
  -0.6666666  -1.1999999   0.3849123
  -0.6666666  -1.0666666   0.4517975
  -0.6666666  -0.9333333   0.4903232
  -0.6666666  -0.8000000   0.4980712
  -0.6666666  -0.6666666   0.4745551
  -0.6666666  -0.5333333   0.4212509
  -0.6666666  -0.3999999   0.3415047
  -0.6666666  -0.2666665   0.2403221
  -0.6666666  -0.1333332   0.1240545
  -0.6666666   0.0000000  -0.0000000
  -0.6666666   0.1333334  -0.1240547
  -0.6666666   0.2666669  -0.2403224
  -0.6666666   0.4000001  -0.3415048
  -0.6666666   0.5333335  -0.4212511
  -0.6666666   0.6666667  -0.4745551
  -0.6666666   0.8000002  -0.4980712
  -0.6666666   0.9333334  -0.4903232
  -0.6666666   1.0666668  -0.4517974
  -0.6666666   1.2000003  -0.3849121
  -0.6666666   1.3333335  -0.2938659
  -0.6666666   1.4666669  -0.1843735
  -0.6666666   1.6000001  -6.3308068E-02
  -0.6666666   1.7333336   6.1731439E-02
  -0.6666666   1.8666668   0.1828959
  -0.6666666   2.0000000   0.2925799
  -0.5333333  -2.0000000  -6.0783319E-02
  -0.5333333  -1.8666667  -3.7996512E-02
  -0.5333333  -1.7333333  -1.2824651E-02
  -0.5333333  -1.5999999   1.3152268E-02
  -0.5333333  -1.4666667   3.8303543E-02
  -0.5333333  -1.3333333   6.1050538E-02
  -0.5333333  -1.1999999   7.9965346E-02
  -0.5333333  -1.0666666   9.3860708E-02
  -0.5333333  -0.9333333   0.1018644
  -0.5333333  -0.8000000   0.1034740
  -0.5333333  -0.6666666   9.8588578E-02
  -0.5333333  -0.5333333   8.7514669E-02
  -0.5333333  -0.3999999   7.0947431E-02
  -0.5333333  -0.2666665   4.9926803E-02
  -0.5333333  -0.1333332   2.5772257E-02
  -0.5333333   0.0000000  -0.0000000
  -0.5333333   0.1333334  -2.5772301E-02
  -0.5333333   0.2666669  -4.9926862E-02
  -0.5333333   0.4000001  -7.0947461E-02
  -0.5333333   0.5333335  -8.7514699E-02
  -0.5333333   0.6666667  -9.8588578E-02
  -0.5333333   0.8000002  -0.1034740
  -0.5333333   0.9333334  -0.1018644
  -0.5333333   1.0666668  -9.3860686E-02
  -0.5333333   1.2000003  -7.9965301E-02
  -0.5333333   1.3333335  -6.1050493E-02
  -0.5333333   1.4666669  -3.8303498E-02
  -0.5333333   1.6000001  -1.3152218E-02
  -0.5333333   1.7333336   1.2824676E-02
  -0.5333333   1.8666668   3.7996534E-02
  -0.5333333   2.0000000   6.0783319E-02
  -0.3999999  -2.0000000   0.1815130
  -0.3999999  -1.8666667   0.1134663
  -0.3999999  -1.7333333   3.8297363E-02
  -0.3999999  -1.5999999  -3.9275702E-02
  -0.3999999  -1.4666667  -0.1143832
  -0.3999999  -1.3333333  -0.1823110
  -0.3999999  -1.1999999  -0.2387949
  -0.3999999  -1.0666666  -0.2802897
  -0.3999999  -0.9333333  -0.3041906
  -0.3999999  -0.8000000  -0.3089973
  -0.3999999  -0.6666666  -0.2944082
  -0.3999999  -0.5333333  -0.2613390
  -0.3999999  -0.3999999  -0.2118654
  -0.3999999  -0.2666665  -0.1490929
  -0.3999999  -0.1333332  -7.6961897E-02
  -0.3999999   0.0000000   0.0000000
  -0.3999999   0.1333334   7.6962031E-02
  -0.3999999   0.2666669   0.1490931
  -0.3999999   0.4000001   0.2118655
  -0.3999999   0.5333335   0.2613390
  -0.3999999   0.6666667   0.2944082
  -0.3999999   0.8000002   0.3089973
  -0.3999999   0.9333334   0.3041906
  -0.3999999   1.0666668   0.2802896
  -0.3999999   1.2000003   0.2387948
  -0.3999999   1.3333335   0.1823108
  -0.3999999   1.4666669   0.1143831
  -0.3999999   1.6000001   3.9275553E-02
  -0.3999999   1.7333336  -3.8297437E-02
  -0.3999999   1.8666668  -0.1134664
  -0.3999999   2.0000000  -0.1815130
  -0.2666665  -2.0000000   0.3924551
  -0.2666665  -1.8666667   0.2453293
  -0.2666665  -1.7333333   8.2803972E-02
  -0.2666665  -1.5999999  -8.4919274E-02
  -0.2666665  -1.4666667  -0.2473116
  -0.2666665  -1.3333333  -0.3941805
  -0.2666665  -1.1999999  -0.5163063
  -0.2666665  -1.0666666  -0.6060234
  -0.2666665  -0.9333333  -0.6577003
  -0.2666665  -0.8000000  -0.6680931
  -0.2666665  -0.6666666  -0.6365495
  -0.2666665  -0.5333333  -0.5650495
  -0.2666665  -0.3999999  -0.4580810
  -0.2666665  -0.2666665  -0.3223587
  -0.2666665  -0.1333332  -0.1664018
  -0.2666665   0.0000000   0.0000000
  -0.2666665   0.1333334   0.1664021
  -0.2666665   0.2666669   0.3223591
  -0.2666665   0.4000001   0.4580812
  -0.2666665   0.5333335   0.5650496
  -0.2666665   0.6666667   0.6365496
  -0.2666665   0.8000002   0.6680931
  -0.2666665   0.9333334   0.6577003
  -0.2666665   1.0666668   0.6060233
  -0.2666665   1.2000003   0.5163060
  -0.2666665   1.3333335   0.3941802
  -0.2666665   1.4666669   0.2473113
  -0.2666665   1.6000001   8.4918953E-02
  -0.2666665   1.7333336  -8.2804129E-02
  -0.2666665   1.8666668  -0.2453294
  -0.2666665   2.0000000  -0.3924551
  -0.1333332  -2.0000000   0.5356060
  -0.1333332  -1.8666667   0.3348149
  -0.1333332  -1.7333333   0.1130073
  -0.1333332  -1.5999999  -0.1158942
  -0.1333332  -1.4666667  -0.3375204
  -0.1333332  -1.3333333  -0.5379606
  -0.1333332  -1.1999999  -0.7046328
  -0.1333332  -1.0666666  -0.8270749
  -0.1333332  -0.9333333  -0.8976014
  -0.1333332  -0.8000000  -0.9117850
  -0.1333332  -0.6666666  -0.8687356
  -0.1333332  -0.5333333  -0.7711554
  -0.1333332  -0.3999999  -0.6251694
  -0.1333332  -0.2666665  -0.4399414
  -0.1333332  -0.1333332  -0.2270981
  -0.1333332   0.0000000   0.0000000
  -0.1333332   0.1333334   0.2270985
  -0.1333332   0.2666669   0.4399419
  -0.1333332   0.4000001   0.6251697
  -0.1333332   0.5333335   0.7711557
  -0.1333332   0.6666667   0.8687357
  -0.1333332   0.8000002   0.9117850
  -0.1333332   0.9333334   0.8976014
  -0.1333332   1.0666668   0.8270748
  -0.1333332   1.2000003   0.7046324
  -0.1333332   1.3333335   0.5379603
  -0.1333332   1.4666669   0.3375200
  -0.1333332   1.6000001   0.1158938
  -0.1333332   1.7333336  -0.1130075
  -0.1333332   1.8666668  -0.3348151
  -0.1333332   2.0000000  -0.5356060
   0.0000000  -2.0000000   0.5862383
   0.0000000  -1.8666667   0.3664658
   0.0000000  -1.7333333   0.1236902
   0.0000000  -1.5999999  -0.1268500
   0.0000000  -1.4666667  -0.3694271
   0.0000000  -1.3333333  -0.5888155
   0.0000000  -1.1999999  -0.7712436
   0.0000000  -1.0666666  -0.9052605
   0.0000000  -0.9333333  -0.9824539
   0.0000000  -0.8000000  -0.9979784
   0.0000000  -0.6666666  -0.9508595
   0.0000000  -0.5333333  -0.8440548
   0.0000000  -0.3999999  -0.6842683
   0.0000000  -0.2666665  -0.4815302
   0.0000000  -0.1333332  -0.2485663
   0.0000000   0.0000000   0.0000000
   0.0000000   0.1333334   0.2485667
   0.0000000   0.2666669   0.4815308
   0.0000000   0.4000001   0.6842686
   0.0000000   0.5333335   0.8440550
   0.0000000   0.6666667   0.9508595
   0.0000000   0.8000002   0.9979784
   0.0000000   0.9333334   0.9824539
   0.0000000   1.0666668   0.9052603
   0.0000000   1.2000003   0.7712432
   0.0000000   1.3333335   0.5888151
   0.0000000   1.4666669   0.3694266
   0.0000000   1.6000001   0.1268495
   0.0000000   1.7333336  -0.1236904
   0.0000000   1.8666668  -0.3664660
   0.0000000   2.0000000  -0.5862383
   0.1333334  -2.0000000   0.5356058
   0.1333334  -1.8666667   0.3348148
   0.1333334  -1.7333333   0.1130073
   0.1333334  -1.5999999  -0.1158942
   0.1333334  -1.4666667  -0.3375203
   0.1333334  -1.3333333  -0.5379605
   0.1333334  -1.1999999  -0.7046326
   0.1333334  -1.0666666  -0.8270746
   0.1333334  -0.9333333  -0.8976011
   0.1333334  -0.8000000  -0.9117847
   0.1333334  -0.6666666  -0.8687354
   0.1333334  -0.5333333  -0.7711552
   0.1333334  -0.3999999  -0.6251692
   0.1333334  -0.2666665  -0.4399412
   0.1333334  -0.1333332  -0.2270980
   0.1333334   0.0000000   0.0000000
   0.1333334   0.1333334   0.2270984
   0.1333334   0.2666669   0.4399418
   0.1333334   0.4000001   0.6251695
   0.1333334   0.5333335   0.7711554
   0.1333334   0.6666667   0.8687354
   0.1333334   0.8000002   0.9117847
   0.1333334   0.9333334   0.8976011
   0.1333334   1.0666668   0.8270745
   0.1333334   1.2000003   0.7046322
   0.1333334   1.3333335   0.5379601
   0.1333334   1.4666669   0.3375199
   0.1333334   1.6000001   0.1158937
   0.1333334   1.7333336  -0.1130075
   0.1333334   1.8666668  -0.3348150
   0.1333334   2.0000000  -0.5356058
   0.2666669  -2.0000000   0.3924547
   0.2666669  -1.8666667   0.2453289
   0.2666669  -1.7333333   8.2803868E-02
   0.2666669  -1.5999999  -8.4919162E-02
   0.2666669  -1.4666667  -0.2473113
   0.2666669  -1.3333333  -0.3941800
   0.2666669  -1.1999999  -0.5163056
   0.2666669  -1.0666666  -0.6060227
   0.2666669  -0.9333333  -0.6576995
   0.2666669  -0.8000000  -0.6680923
   0.2666669  -0.6666666  -0.6365488
   0.2666669  -0.5333333  -0.5650488
   0.2666669  -0.3999999  -0.4580804
   0.2666669  -0.2666665  -0.3223583
   0.2666669  -0.1333332  -0.1664016
   0.2666669   0.0000000   0.0000000
   0.2666669   0.1333334   0.1664019
   0.2666669   0.2666669   0.3223587
   0.2666669   0.4000001   0.4580806
   0.2666669   0.5333335   0.5650489
   0.2666669   0.6666667   0.6365488
   0.2666669   0.8000002   0.6680923
   0.2666669   0.9333334   0.6576995
   0.2666669   1.0666668   0.6060226
   0.2666669   1.2000003   0.5163054
   0.2666669   1.3333335   0.3941797
   0.2666669   1.4666669   0.2473110
   0.2666669   1.6000001   8.4918849E-02
   0.2666669   1.7333336  -8.2804024E-02
   0.2666669   1.8666668  -0.2453291
   0.2666669   2.0000000  -0.3924547
   0.4000001  -2.0000000   0.1815125
   0.4000001  -1.8666667   0.1134660
   0.4000001  -1.7333333   3.8297262E-02
   0.4000001  -1.5999999  -3.9275602E-02
   0.4000001  -1.4666667  -0.1143829
   0.4000001  -1.3333333  -0.1823105
   0.4000001  -1.1999999  -0.2387943
   0.4000001  -1.0666666  -0.2802890
   0.4000001  -0.9333333  -0.3041898
   0.4000001  -0.8000000  -0.3089965
   0.4000001  -0.6666666  -0.2944074
   0.4000001  -0.5333333  -0.2613383
   0.4000001  -0.3999999  -0.2118648
   0.4000001  -0.2666665  -0.1490926
   0.4000001  -0.1333332  -7.6961696E-02
   0.4000001   0.0000000   0.0000000
   0.4000001   0.1333334   7.6961830E-02
   0.4000001   0.2666669   0.1490927
   0.4000001   0.4000001   0.2118649
   0.4000001   0.5333335   0.2613384
   0.4000001   0.6666667   0.2944075
   0.4000001   0.8000002   0.3089965
   0.4000001   0.9333334   0.3041898
   0.4000001   1.0666668   0.2802889
   0.4000001   1.2000003   0.2387942
   0.4000001   1.3333335   0.1823104
   0.4000001   1.4666669   0.1143828
   0.4000001   1.6000001   3.9275452E-02
   0.4000001   1.7333336  -3.8297337E-02
   0.4000001   1.8666668  -0.1134661
   0.4000001   2.0000000  -0.1815125
   0.5333335  -2.0000000  -6.0783733E-02
   0.5333335  -1.8666667  -3.7996773E-02
   0.5333335  -1.7333333  -1.2824738E-02
   0.5333335  -1.5999999   1.3152358E-02
   0.5333335  -1.4666667   3.8303804E-02
   0.5333335  -1.3333333   6.1050955E-02
   0.5333335  -1.1999999   7.9965889E-02
   0.5333335  -1.0666666   9.3861349E-02
   0.5333335  -0.9333333   0.1018651
   0.5333335  -0.8000000   0.1034748
   0.5333335  -0.6666666   9.8589249E-02
   0.5333335  -0.5333333   8.7515272E-02
   0.5333335  -0.3999999   7.0947915E-02
   0.5333335  -0.2666665   4.9927145E-02
   0.5333335  -0.1333332   2.5772432E-02
   0.5333335   0.0000000  -0.0000000
   0.5333335   0.1333334  -2.5772477E-02
   0.5333335   0.2666669  -4.9927205E-02
   0.5333335   0.4000001  -7.0947945E-02
   0.5333335   0.5333335  -8.7515295E-02
   0.5333335   0.6666667  -9.8589256E-02
   0.5333335   0.8000002  -0.1034748
   0.5333335   0.9333334  -0.1018651
   0.5333335   1.0666668  -9.3861327E-02
   0.5333335   1.2000003  -7.9965845E-02
   0.5333335   1.3333335  -6.1050911E-02
   0.5333335   1.4666669  -3.8303759E-02
   0.5333335   1.6000001  -1.3152309E-02
   0.5333335   1.7333336   1.2824764E-02
   0.5333335   1.8666668   3.7996795E-02
   0.5333335   2.0000000   6.0783733E-02
   0.6666667  -2.0000000  -0.2925801
   0.6666667  -1.8666667  -0.1828960
   0.6666667  -1.7333333  -6.1731372E-02
   0.6666667  -1.5999999   6.3308358E-02
   0.6666667  -1.4666667   0.1843739
   0.6666667  -1.3333333   0.2938664
   0.6666667  -1.1999999   0.3849127
   0.6666667  -1.0666666   0.4517979
   0.6666667  -0.9333333   0.4903236
   0.6666667  -0.8000000   0.4980716
   0.6666667  -0.6666666   0.4745555
   0.6666667  -0.5333333   0.4212513
   0.6666667  -0.3999999   0.3415050
   0.6666667  -0.2666665   0.2403224
   0.6666667  -0.1333332   0.1240546
   0.6666667   0.0000000  -0.0000000
   0.6666667   0.1333334  -0.1240548
   0.6666667   0.2666669  -0.2403226
   0.6666667   0.4000001  -0.3415051
   0.6666667   0.5333335  -0.4212514
   0.6666667   0.6666667  -0.4745555
   0.6666667   0.8000002  -0.4980716
   0.6666667   0.9333334  -0.4903236
   0.6666667   1.0666668  -0.4517978
   0.6666667   1.2000003  -0.3849125
   0.6666667   1.3333335  -0.2938662
   0.6666667   1.4666669  -0.1843736
   0.6666667   1.6000001  -6.3308120E-02
   0.6666667   1.7333336   6.1731491E-02
   0.6666667   1.8666668   0.1828961
   0.6666667   2.0000000   0.2925801
   0.8000002  -2.0000000  -0.4738376
   0.8000002  -1.8666667  -0.2962026
   0.8000002  -1.7333333  -9.9974819E-02
   0.8000002  -1.5999999   0.1025288
   0.8000002  -1.4666667   0.2985960
   0.8000002  -1.3333333   0.4759207
   0.8000002  -1.1999999   0.6233714
   0.8000002  -1.0666666   0.7316930
   0.8000002  -0.9333333   0.7940860
   0.8000002  -0.8000000   0.8066339
   0.8000002  -0.6666666   0.7685492
   0.8000002  -0.5333333   0.6822224
   0.8000002  -0.3999999   0.5530721
   0.8000002  -0.2666665   0.3892054
   0.8000002  -0.1333332   0.2009081
   0.8000002   0.0000000  -0.0000000
   0.8000002   0.1333334  -0.2009085
   0.8000002   0.2666669  -0.3892058
   0.8000002   0.4000001  -0.5530723
   0.8000002   0.5333335  -0.6822225
   0.8000002   0.6666667  -0.7685493
   0.8000002   0.8000002  -0.8066339
   0.8000002   0.9333334  -0.7940860
   0.8000002   1.0666668  -0.7316929
   0.8000002   1.2000003  -0.6233711
   0.8000002   1.3333335  -0.4759203
   0.8000002   1.4666669  -0.2985957
   0.8000002   1.6000001  -0.1025284
   0.8000002   1.7333336   9.9975012E-02
   0.8000002   1.8666668   0.2962027
   0.8000002   2.0000000   0.4738376
   0.9333334  -2.0000000  -0.5732458
   0.9333334  -1.8666667  -0.3583440
   0.9333334  -1.7333333  -0.1209489
   0.9333334  -1.5999999   0.1240387
   0.9333334  -1.4666667   0.3612396
   0.9333334  -1.3333333   0.5757659
   0.9333334  -1.1999999   0.7541509
   0.9333334  -1.0666666   0.8851977
   0.9333334  -0.9333333   0.9606803
   0.9333334  -0.8000000   0.9758608
   0.9333334  -0.6666666   0.9297861
   0.9333334  -0.5333333   0.8253484
   0.9333334  -0.3999999   0.6691032
   0.9333334  -0.2666665   0.4708583
   0.9333334  -0.1333332   0.2430574
   0.9333334   0.0000000  -0.0000000
   0.9333334   0.1333334  -0.2430578
   0.9333334   0.2666669  -0.4708588
   0.9333334   0.4000001  -0.6691035
   0.9333334   0.5333335  -0.8253486
   0.9333334   0.6666667  -0.9297861
   0.9333334   0.8000002  -0.9758608
   0.9333334   0.9333334  -0.9606803
   0.9333334   1.0666668  -0.8851975
   0.9333334   1.2000003  -0.7541505
   0.9333334   1.3333335  -0.5757655
   0.9333334   1.4666669  -0.3612392
   0.9333334   1.6000001  -0.1240382
   0.9333334   1.7333336   0.1209491
   0.9333334   1.8666668   0.3583443
   0.9333334   2.0000000   0.5732458
   1.0666668  -2.0000000  -0.5736337
   1.0666668  -1.8666667  -0.3585865
   1.0666668  -1.7333333  -0.1210308
   1.0666668  -1.5999999   0.1241226
   1.0666668  -1.4666667   0.3614841
   1.0666668  -1.3333333   0.5761555
   1.0666668  -1.1999999   0.7546613
   1.0666668  -1.0666666   0.8857967
   1.0666668  -0.9333333   0.9613304
   1.0666668  -0.8000000   0.9765211
   1.0666668  -0.6666666   0.9304153
   1.0666668  -0.5333333   0.8259069
   1.0666668  -0.3999999   0.6695560
   1.0666668  -0.2666665   0.4711769
   1.0666668  -0.1333332   0.2432219
   1.0666668   0.0000000  -0.0000000
   1.0666668   0.1333334  -0.2432223
   1.0666668   0.2666669  -0.4711775
   1.0666668   0.4000001  -0.6695563
   1.0666668   0.5333335  -0.8259072
   1.0666668   0.6666667  -0.9304153
   1.0666668   0.8000002  -0.9765211
   1.0666668   0.9333334  -0.9613304
   1.0666668   1.0666668  -0.8857965
   1.0666668   1.2000003  -0.7546608
   1.0666668   1.3333335  -0.5761551
   1.0666668   1.4666669  -0.3614837
   1.0666668   1.6000001  -0.1241221
   1.0666668   1.7333336   0.1210310
   1.0666668   1.8666668   0.3585868
   1.0666668   2.0000000   0.5736337
   1.2000003  -2.0000000  -0.4749340
   1.2000003  -1.8666667  -0.2968880
   1.2000003  -1.7333333  -0.1002062
   1.2000003  -1.5999999   0.1027660
   1.2000003  -1.4666667   0.2992870
   1.2000003  -1.3333333   0.4770220
   1.2000003  -1.1999999   0.6248139
   1.2000003  -1.0666666   0.7333862
   1.2000003  -0.9333333   0.7959235
   1.2000003  -0.8000000   0.8085005
   1.2000003  -0.6666666   0.7703276
   1.2000003  -0.5333333   0.6838010
   1.2000003  -0.3999999   0.5543519
   1.2000003  -0.2666665   0.3901060
   1.2000003  -0.1333332   0.2013730
   1.2000003   0.0000000  -0.0000000
   1.2000003   0.1333334  -0.2013734
   1.2000003   0.2666669  -0.3901065
   1.2000003   0.4000001  -0.5543522
   1.2000003   0.5333335  -0.6838012
   1.2000003   0.6666667  -0.7703277
   1.2000003   0.8000002  -0.8085005
   1.2000003   0.9333334  -0.7959235
   1.2000003   1.0666668  -0.7333860
   1.2000003   1.2000003  -0.6248136
   1.2000003   1.3333335  -0.4770216
   1.2000003   1.4666669  -0.2992866
   1.2000003   1.6000001  -0.1027656
   1.2000003   1.7333336   0.1002064
   1.2000003   1.8666668   0.2968881
   1.2000003   2.0000000   0.4749340
   1.3333335  -2.0000000  -0.2941962
   1.3333335  -1.8666667  -0.1839062
   1.3333335  -1.7333333  -6.2072352E-02
   1.3333335  -1.5999999   6.3658044E-02
   1.3333335  -1.4666667   0.1853923
   1.3333335  -1.3333333   0.2954895
   1.3333335  -1.1999999   0.3870388
   1.3333335  -1.0666666   0.4542934
   1.3333335  -0.9333333   0.4930320
   1.3333335  -0.8000000   0.5008228
   1.3333335  -0.6666666   0.4771767
   1.3333335  -0.5333333   0.4235781
   1.3333335  -0.3999999   0.3433913
   1.3333335  -0.2666665   0.2416498
   1.3333335  -0.1333332   0.1247398
   1.3333335   0.0000000  -0.0000000
   1.3333335   0.1333334  -0.1247400
   1.3333335   0.2666669  -0.2416501
   1.3333335   0.4000001  -0.3433915
   1.3333335   0.5333335  -0.4235782
   1.3333335   0.6666667  -0.4771768
   1.3333335   0.8000002  -0.5008228
   1.3333335   0.9333334  -0.4930320
   1.3333335   1.0666668  -0.4542933
   1.3333335   1.2000003  -0.3870386
   1.3333335   1.3333335  -0.2954893
   1.3333335   1.4666669  -0.1853920
   1.3333335   1.6000001  -6.3657805E-02
   1.3333335   1.7333336   6.2072471E-02
   1.3333335   1.8666668   0.1839063
   1.3333335   2.0000000   0.2941962
   1.4666669  -2.0000000  -6.2639751E-02
   1.4666669  -1.8666667  -3.9156996E-02
   1.4666669  -1.7333333  -1.3216338E-02
   1.4666669  -1.5999999   1.3553961E-02
   1.4666669  -1.4666667   3.9473400E-02
   1.4666669  -1.3333333   6.2915131E-02
   1.4666669  -1.1999999   8.2407624E-02
   1.4666669  -1.0666666   9.6727379E-02
   1.4666669  -0.9333333   0.1049755
   1.4666669  -0.8000000   0.1066343
   1.4666669  -0.6666666   0.1015996
   1.4666669  -0.5333333   9.0187527E-02
   1.4666669  -0.3999999   7.3114291E-02
   1.4666669  -0.2666665   5.1451657E-02
   1.4666669  -0.1333332   2.6559386E-02
   1.4666669   0.0000000  -0.0000000
   1.4666669   0.1333334  -2.6559433E-02
   1.4666669   0.2666669  -5.1451717E-02
   1.4666669   0.4000001  -7.3114321E-02
   1.4666669   0.5333335  -9.0187550E-02
   1.4666669   0.6666667  -0.1015997
   1.4666669   0.8000002  -0.1066343
   1.4666669   0.9333334  -0.1049755
   1.4666669   1.0666668  -9.6727364E-02
   1.4666669   1.2000003  -8.2407586E-02
   1.4666669   1.3333335  -6.2915087E-02
   1.4666669   1.4666669  -3.9473355E-02
   1.4666669   1.6000001  -1.3553911E-02
   1.4666669   1.7333336   1.3216364E-02
   1.4666669   1.8666668   3.9157018E-02
   1.4666669   2.0000000   6.2639751E-02
   1.6000001  -2.0000000   0.1797366
   1.6000001  -1.8666667   0.1123559
   1.6000001  -1.7333333   3.7922561E-02
   1.6000001  -1.5999999  -3.8891327E-02
   1.6000001  -1.4666667  -0.1132638
   1.6000001  -1.3333333  -0.1805268
   1.6000001  -1.1999999  -0.2364579
   1.6000001  -1.0666666  -0.2775466
   1.6000001  -0.9333333  -0.3012136
   1.6000001  -0.8000000  -0.3059733
   1.6000001  -0.6666666  -0.2915269
   1.6000001  -0.5333333  -0.2587813
   1.6000001  -0.3999999  -0.2097919
   1.6000001  -0.2666665  -0.1476338
   1.6000001  -0.1333332  -7.6208703E-02
   1.6000001   0.0000000   0.0000000
   1.6000001   0.1333334   7.6208830E-02
   1.6000001   0.2666669   0.1476340
   1.6000001   0.4000001   0.2097920
   1.6000001   0.5333335   0.2587814
   1.6000001   0.6666667   0.2915270
   1.6000001   0.8000002   0.3059733
   1.6000001   0.9333334   0.3012136
   1.6000001   1.0666668   0.2775466
   1.6000001   1.2000003   0.2364578
   1.6000001   1.3333335   0.1805266
   1.6000001   1.4666669   0.1132636
   1.6000001   1.6000001   3.8891181E-02
   1.6000001   1.7333336  -3.7922636E-02
   1.6000001   1.8666668  -0.1123560
   1.6000001   2.0000000  -0.1797366
   1.7333336  -2.0000000   0.3910661
   1.7333336  -1.8666667   0.2444610
   1.7333336  -1.7333333   8.2510903E-02
   1.7333336  -1.5999999  -8.4618717E-02
   1.7333336  -1.4666667  -0.2464363
   1.7333336  -1.3333333  -0.3927854
   1.7333336  -1.1999999  -0.5144789
   1.7333336  -1.0666666  -0.6038786
   1.7333336  -0.9333333  -0.6553726
   1.7333336  -0.8000000  -0.6657286
   1.7333336  -0.6666666  -0.6342966
   1.7333336  -0.5333333  -0.5630496
   1.7333336  -0.3999999  -0.4564597
   1.7333336  -0.2666665  -0.3212178
   1.7333336  -0.1333332  -0.1658129
   1.7333336   0.0000000   0.0000000
   1.7333336   0.1333334   0.1658132
   1.7333336   0.2666669   0.3212182
   1.7333336   0.4000001   0.4564599
   1.7333336   0.5333335   0.5630498
   1.7333336   0.6666667   0.6342967
   1.7333336   0.8000002   0.6657286
   1.7333336   0.9333334   0.6553726
   1.7333336   1.0666668   0.6038784
   1.7333336   1.2000003   0.5144787
   1.7333336   1.3333335   0.3927851
   1.7333336   1.4666669   0.2464360
   1.7333336   1.6000001   8.4618405E-02
   1.7333336   1.7333336  -8.2511067E-02
   1.7333336   1.8666668  -0.2444611
   1.7333336   2.0000000  -0.3910661
   1.8666668  -2.0000000   0.5348442
   1.8666668  -1.8666667   0.3343387
   1.8666668  -1.7333333   0.1128466
   1.8666668  -1.5999999  -0.1157293
   1.8666668  -1.4666667  -0.3370403
   1.8666668  -1.3333333  -0.5371955
   1.8666668  -1.1999999  -0.7036305
   1.8666668  -1.0666666  -0.8258985
   1.8666668  -0.9333333  -0.8963246
   1.8666668  -0.8000000  -0.9104881
   1.8666668  -0.6666666  -0.8674999
   1.8666668  -0.5333333  -0.7700585
   1.8666668  -0.3999999  -0.6242802
   1.8666668  -0.2666665  -0.4393156
   1.8666668  -0.1333332  -0.2267751
   1.8666668   0.0000000   0.0000000
   1.8666668   0.1333334   0.2267755
   1.8666668   0.2666669   0.4393161
   1.8666668   0.4000001   0.6242804
   1.8666668   0.5333335   0.7700588
   1.8666668   0.6666667   0.8675000
   1.8666668   0.8000002   0.9104881
   1.8666668   0.9333334   0.8963246
   1.8666668   1.0666668   0.8258983
   1.8666668   1.2000003   0.7036301
   1.8666668   1.3333335   0.5371951
   1.8666668   1.4666669   0.3370399
   1.8666668   1.6000001   0.1157289
   1.8666668   1.7333336  -0.1128468
   1.8666668   1.8666668  -0.3343388
   1.8666668   2.0000000  -0.5348442
   2.0000000  -2.0000000   0.5862353
   2.0000000  -1.8666667   0.3664640
   2.0000000  -1.7333333   0.1236896
   2.0000000  -1.5999999  -0.1268493
   2.0000000  -1.4666667  -0.3694252
   2.0000000  -1.3333333  -0.5888125
   2.0000000  -1.1999999  -0.7712396
   2.0000000  -1.0666666  -0.9052559
   2.0000000  -0.9333333  -0.9824489
   2.0000000  -0.8000000  -0.9979734
   2.0000000  -0.6666666  -0.9508547
   2.0000000  -0.5333333  -0.8440505
   2.0000000  -0.3999999  -0.6842648
   2.0000000  -0.2666665  -0.4815277
   2.0000000  -0.1333332  -0.2485650
   2.0000000   0.0000000   0.0000000
   2.0000000   0.1333334   0.2485654
   2.0000000   0.2666669   0.4815283
   2.0000000   0.4000001   0.6842651
   2.0000000   0.5333335   0.8440507
   2.0000000   0.6666667   0.9508547
   2.0000000   0.8000002   0.9979734
   2.0000000   0.9333334   0.9824489
   2.0000000   1.0666668   0.9052557
   2.0000000   1.2000003   0.7712392
   2.0000000   1.3333335   0.5888121
   2.0000000   1.4666669   0.3694247
   2.0000000   1.6000001   0.1268489
   2.0000000   1.7333336  -0.1236898
   2.0000000   1.8666668  -0.3664642
   2.0000000   2.0000000  -0.5862353
